0 -0.032717
0.019999 -0.047049
0.039989 0.21941
0.059964 0.084733
0.079915 0.036373
0.099833 0.12812
0.11971 0.20168
0.13954 0.18472
0.15932 0.22043
0.17903 0.21108
0.19867 0.098193
0.21823 0.16757
0.2377 0.30836
0.25708 0.24387
0.27636 0.29364
0.29552 0.33252
0.31457 0.24647
0.33349 0.34616
0.35227 0.32329
0.37092 0.27264
0.38942 0.41563
0.40776 0.35149
0.42594 0.39242
0.44395 0.35467
0.46178 0.42158
0.47943 0.50873
0.49688 0.60165
0.51414 0.4387
0.53119 0.55421
0.54802 0.58292
0.56464 0.63424
0.58104 0.66503
0.5972 0.52347
0.61312 0.61721
0.62879 0.71084
0.64422 0.68056
0.65938 0.75272
0.67429 0.75539
0.68892 0.84517
0.70328 0.52861
0.71736 0.69523
0.73115 0.70857
0.74464 0.64973
0.75784 0.72309
0.77074 0.86555
0.78333 0.78728
0.7956 0.85964
0.80756 0.91655
0.81919 0.79984
0.8305 0.80319
0.84147 0.75366
0.85211 0.83362
0.8624 0.81476
0.87236 0.85774
0.88196 0.86692
0.89121 0.84265
0.9001 0.82379
0.90863 0.88345
0.9168 0.91778
0.92461 0.86489
0.93204 0.95552
0.9391 0.92949
0.94578 0.92841
0.95209 1.0129
0.95802 1.1118
0.96356 1.0201
0.96872 1.0116
0.97348 0.9738
0.97786 0.98652
0.98185 1.0206
0.98545 0.94858
0.98865 0.88915
0.99146 1.0201
0.99387 0.94708
0.99588 1.0221
0.99749 0.94213
0.99871 0.91515
0.99953 0.90596
0.99994 1.0187
0.99996 1.1303
0.99957 1.0129
0.99879 1.0315
0.99761 1.0072
0.99602 1.0114
0.99404 1.1517
0.99166 0.93958
0.98889 0.9783
0.98572 0.94081
0.98215 1.0298
0.9782 0.99521
0.97385 0.95203
0.96911 1.0186
0.96398 0.89694
0.95847 0.96643
0.95258 0.96594
0.9463 1.0512
0.93965 0.97555
0.93262 0.93482
0.92521 0.83576
0.91744 0.81938
0.9093 0.94867
0.90079 0.85411
0.89193 0.87585
0.88271 0.82475
0.87313 0.88524
0.86321 0.8784
0.85294 0.96926
0.84233 0.96352
0.83138 0.90216
0.8201 0.89237
0.8085 0.73052
0.79657 0.88162
0.78432 0.72154
0.77175 0.66512
0.75888 0.96996
0.74571 0.76695
0.73223 0.68804
0.71846 0.71899
0.70441 0.70901
0.69007 0.55207
0.67546 0.62776
0.66058 0.69587
0.64543 0.6478
0.63003 0.51917
0.61437 0.58161
0.59847 0.58847
0.58233 0.58775
0.56596 0.45404
0.54936 0.56638
0.53253 0.63447
0.5155 0.40932
0.49826 0.52751
0.48082 0.5704
0.46319 0.48855
0.44537 0.48465
0.42738 0.39571
0.40921 0.39687
0.39088 0.31457
0.3724 0.3643
0.35376 0.31692
0.33499 0.29112
0.31608 0.41256
0.29704 0.28924
0.27789 0.31988
0.25862 0.28364
0.23925 0.17159
0.21978 0.093793
0.20023 0.10465
0.1806 0.19899
0.16089 0.14081
0.14112 0.19175
0.12129 0.095963
0.10142 0.013264
0.081502 0.087924
0.061554 0.13496
0.041581 0.059275
0.021591 0.009194
0.0015927 -0.02647
-0.018406 0.066135
-0.038398 0.022556
-0.058374 -0.087018
-0.078327 -0.16809
-0.098249 -0.15915
-0.11813 -0.095909
-0.13797 -0.21081
-0.15775 -0.18354
-0.17746 -0.18562
-0.19711 -0.24109
-0.21668 -0.25831
-0.23616 -0.25124
-0.25554 -0.29226
-0.27482 -0.36431
-0.294 -0.24489
-0.31305 -0.37436
-0.33199 -0.26298
-0.35078 -0.37368
-0.36944 -0.38997
-0.38795 -0.30158
-0.40631 -0.3889
-0.4245 -0.45132
-0.44252 -0.49765
-0.46037 -0.49485
-0.47803 -0.45137
-0.4955 -0.43902
-0.51277 -0.50957
-0.52984 -0.5627
-0.54669 -0.52433
-0.56333 -0.51858
-0.57974 -0.60785
-0.59592 -0.49971
-0.61186 -0.63614
-0.62755 -0.56767
-0.643 -0.57844
-0.65819 -0.65441
-0.67311 -0.67876
-0.68777 -0.62963
-0.70215 -0.82239
-0.71625 -0.714
-0.73006 -0.72545
-0.74358 -0.71921
-0.7568 -0.81579
-0.76972 -0.86373
-0.78234 -0.95823
-0.79464 -0.7583
-0.80662 -0.73475
-0.81828 -0.8479
-0.82961 -0.67099
-0.84061 -0.88334
-0.85127 -0.93869
-0.8616 -0.87131
-0.87158 -0.86452
-0.88121 -0.83572
-0.89048 -0.88241
-0.89941 -0.95031
-0.90797 -1.0095
-0.91617 -0.95528
-0.924 -1.0149
-0.93146 -0.88322
-0.93855 -0.94546
-0.94527 -1.0688
-0.9516 -0.92723
-0.95756 -1.0191
-0.96313 -0.87311
-0.96832 -0.96484
-0.97312 -0.95784
-0.97753 -1.03
-0.98155 -0.94668
-0.98518 -0.98085
-0.98841 -0.974
-0.99125 -1.0126
-0.99369 -0.9508
-0.99574 -1.1583
-0.99738 -0.98634
-0.99863 -0.92875
-0.99948 -1.0122
-0.99992 -0.96138
-0.99997 -1.0397
-0.99962 -0.9881
-0.99887 -1.0378
-0.99772 -0.92138
-0.99616 -0.96484
-0.99422 -0.90249
-0.99187 -0.99465
-0.98913 -0.99308
-0.98599 -0.9651
-0.98245 -0.88589
-0.97853 -1.1379
-0.97421 -1.086
-0.9695 -0.88505
-0.96441 -0.83817
-0.95892 -0.97258
-0.95306 -0.86281
-0.94681 -0.80213
-0.94019 -0.92754
-0.93319 -0.96356
-0.92581 -0.95763
-0.91807 -0.93515
-0.90996 -0.85671
-0.90148 -0.91286
-0.89265 -0.75683
-0.88345 -0.9061
-0.87391 -0.92163
-0.86401 -0.82771
-0.85377 -0.83808
-0.84319 -0.81235
-0.83227 -0.97186
-0.82101 -0.83101
-0.80943 -0.93167
-0.79753 -0.78517
-0.7853 -0.7343
-0.77276 -0.69413
-0.75992 -0.70972
-0.74677 -0.71449
-0.73332 -0.68162
-0.71957 -0.72335
-0.70554 -0.70811
-0.69123 -0.6232
-0.67664 -0.60415
-0.66178 -0.69316
-0.64665 -0.76647
-0.63127 -0.78429
-0.61563 -0.7238
-0.59975 -0.66642
-0.58362 -0.55382
-0.56727 -0.61899
-0.55069 -0.55637
-0.53388 -0.50926
-0.51687 -0.60928
-0.49964 -0.55633
-0.48222 -0.53218
-0.4646 -0.51805
-0.4468 -0.47608
-0.42882 -0.37634
-0.41067 -0.4445
-0.39235 -0.34606
-0.37388 -0.35119
-0.35525 -0.34246
-0.33649 -0.27149
-0.31759 -0.17491
-0.29856 -0.20074
-0.27942 -0.38502
-0.26016 -0.22483
-0.2408 -0.32392
-0.22134 -0.35539
-0.20179 -0.2825
-0.18216 -0.32762
-0.16246 -0.23788
-0.1427 -0.05241
-0.12287 -0.15464
-0.103 0.075712
-0.083089 -0.057035
-0.063143 0.0037899
-0.043172 -0.052905
-0.023183 -0.041822
-0.0031853 -0.05541
0.016814 0.027535
0.036806 -0.062056
0.056784 0.00011303
0.076739 0.0054575
0.096664 0.10789
0.11655 0.21761
0.13639 0.28022
0.15617 0.039126
0.17589 0.19901
0.19555 0.15194
0.21512 0.14302
0.23461 0.2415
0.254 0.22254
0.27329 0.2767
0.29248 0.34371
0.31154 0.24918
0.33048 0.3203
0.34929 0.23593
0.36796 0.34241
0.38648 0.45241
0.40485 0.28847
0.42306 0.44911
0.44109 0.35096
0.45895 0.47355
0.47663 0.44661
0.49411 0.47554
0.5114 0.40448
0.52848 0.46775
0.54536 0.53249
0.56201 0.56679
0.57844 0.56569
0.59464 0.55189
0.6106 0.69917
0.62631 0.61335
0.64178 0.59005
0.65699 0.60641
0.67193 0.66689
0.68661 0.74854
0.70101 0.67271
0.71513 0.77324
0.72897 0.74407
0.74251 0.70496
0.75576 0.70128
0.76871 0.78053
0.78134 0.77445
0.79367 0.73334
0.80568 0.75272
0.81736 0.8533
0.82872 0.8635
0.83975 0.81899
0.85044 0.90551
0.86079 0.83746
0.87079 0.86309
0.88045 0.96277
0.88976 0.85376
0.89871 0.76251
0.9073 0.82137
0.91553 0.93492
0.92339 0.909
0.93088 1.1143
0.938 0.84366
0.94474 0.92849
0.95111 0.95379
0.9571 0.86551
0.9627 1.0346
0.96792 1.0175
0.97275 1.0756
0.97719 1.023
0.98124 0.74457
0.9849 0.92043
0.98817 1.009
0.99104 0.9367
0.99351 1.0124
0.99559 0.99117
0.99726 0.96076
0.99854 1.0031
0.99942 1.0336
0.9999 1.0761
0.99998 0.94039
0.99966 0.96154
0.99894 0.9509
0.99782 1.0543
0.9963 1.1011
0.99439 1.0648
0.99207 1.0815
0.98936 1.006
0.98625 0.9328
0.98275 1.0281
0.97885 1.0939
0.97457 1.0083
0.96989 1.0318
0.96483 0.86193
0.95937 0.99745
0.95354 0.94328
0.94733 0.98421
0.94073 1.0258
0.93376 0.89113
0.92642 1.0268
0.9187 0.85581
0.91062 0.91334
0.90217 0.92264
0.89336 0.96449
0.8842 0.86266
0.87468 0.81229
0.86481 0.95925
0.8546 0.87878
0.84404 0.71646
0.83315 0.85448
0.82192 0.70855
0.81037 0.86309
0.79849 0.89096
0.78629 0.7741
0.77377 0.71321
0.76095 0.84275
0.74782 0.71378
0.7344 0.67983
0.72068 0.63656
0.70667 0.60882
0.69238 0.71076
0.67781 0.65569
0.66297 0.71553
0.64786 0.64409
0.6325 0.61852
0.61688 0.50212
0.60102 0.54932
0.58492 0.59188
0.56858 0.54004
0.55201 0.63702
0.53523 0.41313
0.51823 0.50615
0.50102 0.50866
0.48361 0.43546
0.46601 0.47348
0.44822 0.55898
0.43026 0.36023
0.41212 0.38873
0.39381 0.29921
0.37535 0.42388
0.35674 0.27634
0.33799 0.28077
0.3191 0.41396
0.30008 0.35498
0.28094 0.23055
0.26169 0.32946
0.24234 0.1984
0.22289 0.22996
0.20335 0.32564
0.18373 0.33421
0.16403 0.13449
0.14427 0.14227
0.12445 0.19373
0.10459 0.14509
0.084676 0.069142
0.064733 0.050768
0.044763 -0.0075056
0.024775 -0.12669
0.0047779 -0.0056655
-0.015221 -0.095079
-0.035215 -0.050411
-0.055194 0.10936
-0.075151 -0.072892
-0.095078 0.005557
-0.11497 -0.18901
-0.13481 -0.049772
-0.1546 -0.26617
-0.17433 -0.19299
-0.19398 -0.1746
-0.21356 -0.17222
-0.23306 -0.24134
-0.25246 -0.32461
-0.27176 -0.35294
-0.29095 -0.3391
-0.31003 -0.37797
-0.32898 -0.36758
-0.3478 -0.41117
-0.36648 -0.28368
-0.38501 -0.36702
-0.40339 -0.3845
-0.42161 -0.47754
-0.43966 -0.42121
-0.45754 -0.436
-0.47523 -0.53763
-0.49273 -0.57201
-0.51003 -0.63903
-0.52713 -0.46895
-0.54402 -0.6115
-0.56069 -0.55758
-0.57714 -0.5716
-0.59336 -0.58728
-0.60934 -0.65188
-0.62507 -0.64016
-0.64056 -0.66102
-0.65579 -0.56581
-0.67075 -0.74783
-0.68545 -0.69918
-0.69987 -0.62878
-0.71402 -0.68595
-0.72788 -0.80043
-0.74145 -0.68857
-0.75472 -0.93484
-0.76769 -0.80053
-0.78035 -0.67583
-0.7927 -0.75947
-0.80473 -0.75196
-0.81644 -0.82264
-0.82783 -0.85317
-0.83888 -0.79249
-0.8496 -0.69513
-0.85998 -0.87787
-0.87001 -0.77421
-0.8797 -0.91565
-0.88903 -0.9177
-0.89801 -0.85463
-0.90663 -0.96676
-0.91488 -0.85207
-0.92278 -1.035
-0.9303 -1.0917
-0.93745 -0.94804
-0.94422 -0.9223
-0.95062 -0.86559
-0.95664 -0.94866
-0.96227 -0.89864
-0.96752 -0.95148
-0.97238 -0.92708
-0.97685 -1.0414
-0.98094 -0.98603
-0.98463 -1.0245
-0.98792 -1.0037
-0.99082 -0.83771
-0.99333 -1.0869
-0.99544 -0.99316
-0.99715 -1.0185
-0.99846 -0.97316
-0.99937 -0.87986
-0.99988 -0.93906
-0.99999 -1.0438
-0.9997 -1.0953
-0.99901 -0.94248
-0.99793 -1.0641
-0.99644 -1.0441
-0.99455 -0.96353
-0.99227 -1.0938
-0.98959 -0.88584
-0.98651 -0.97966
-0.98304 -0.99865
-0.97918 -0.92532
-0.97492 -0.92117
-0.97028 -0.98689
-0.96524 -0.89175
-0.95982 -0.93534
-0.95402 -0.88069
-0.94783 -0.93027
-0.94127 -0.95401
-0.93433 -0.81775
-0.92701 -0.97923
-0.91933 -0.87712
-0.91128 -0.77645
-0.90286 -0.93041
-0.89408 -0.85177
-0.88494 -0.86364
-0.87545 -0.89867
-0.86561 -0.86585
-0.85542 -0.81424
-0.8449 -0.68966
-0.83403 -0.77493
-0.82283 -0.8391
-0.8113 -0.94284
-0.79944 -0.78284
-0.78727 -0.76987
-0.77478 -0.82755
-0.76198 -0.69469
-0.74888 -0.72282
-0.73548 -0.69635
-0.72178 -0.75419
-0.70779 -0.75338
-0.69353 -0.72469
-0.67898 -0.75302
-0.66416 -0.699
-0.64908 -0.60062
-0.63373 -0.78409
-0.61814 -0.73627
-0.60229 -0.60052
-0.58621 -0.56431
-0.56989 -0.63314
-0.55334 -0.51758
-0.53657 -0.45264
-0.51959 -0.47401
-0.5024 -0.60662
-0.48501 -0.53371
-0.46742 -0.52434
-0.44965 -0.47223
-0.43169 -0.47645
-0.41357 -0.46968
-0.39528 -0.26795
-0.37683 -0.39903
-0.35823 -0.36839
-0.33949 -0.3204
-0.32061 -0.43609
-0.3016 -0.37771
-0.28247 -0.25115
-0.26323 -0.23981
-0.24389 -0.32129
-0.22444 -0.1494
-0.20491 -0.20936
-0.18529 -0.17585
-0.1656 -0.15832
-0.14585 -0.18251
-0.12603 -0.24812
-0.10617 -0.1149
-0.086263 -0.19059
-0.066322 -0.0773
-0.046354 -0.032531
-0.026368 -0.01317
-0.0063706 -0.098789
